247540
086520
091990
022100
066970
028300
035900
196170
277810
041510
263750
068760
328130
403870
214150
058470
293490
214370
000250
086900
393890
440110
357780
121600
039030
005290
240810
145020
034230
253450
137400
237690
372170
078600
036930
365340
278280
140410
095340
065350
009520
122870
067310
035760
214450
222800
112040
056190
048410
195940
383310
064760
096530
025900
140860
213420
085660
039200
336570
225570
166090
376300
067160
101490
141080
085370
287410
348370
084370
067630
281740
420770
298380
299030
058610
064550
189300
091120
036540
098460
418550
003380
058970
290650
074600
294090
378340
015750
099190
222080
060280
131970
018290
016790
025980
310210
272290
086450
087010
036830
348210
950160
053800
033290
046890
204270
215200
095660
352480
215000
358570
178320
108860
144510
068240
078340
319660
257720
052020
032500
136510
095500
182400
228760
243070
194480
083310
183300
114190
032190
200130
082270
006730
007390
043150
237880
056080
084850
338220
215600
023160
151860
119610
322510
119860
069080
053610
091700
179900
031980
131290
049070
439090
082920
299900
354320
360070
117730
323990
950130
101160
079810
217270
445680
036810
218410
095610
206640
014620
094170
402030
399720
118990
099430
214680
216080
270520
425040
033640
039440
348340
039840
200670
335890
050890
044490
033100
089970
394280
064290
384470
319400
047920
206650
095700
204620
282880
041960
033500
107600
042600
060150
314930
297890
034950
298540
038500
084650
013030
230360
054450
029960
101360
243840
060720
059090
093320
108490
267980
340570
079370
304100
041830
357550
025770
036620
040300
104830
058820
228670
389260
060250
089980
298830
077360
365590
073570
030520
053080
094360
297090
054950
251970
101730
143160
035890
052400
101670
102940
100120
179290
417010
425420
089010
080160
232140
307750
126340
254490
025320
108230
217820
013120
035600
136480
084110
200710
090360
217330
033160
138580
109610
049950
389500
102710
334970
047310
241710
230240
285490
003800
048870
290670
205470
060590
199800
382840
126700
252990
161580
061970
005160
441270
067080
048530
099320
031330
382800
023410
093640
182360
051360
220100
060370
208370
036030
265520
054210
051500
123860
041190
100790
090710
045100
038540
396270
042000
256840
115450
214430
030960
092040
078150
114810
246710
317330
034810
053030
121800
143240
018310
086390
083930
289220
036890
032620
089030
017890
027360
030530
126600
123040
370090
096040
268600
330860
234920
088390
086890
122640
114840
263720
900250
042370
144960
278650
064260
950140
051370
424960
277880
078070
083790
083650
418420
078020
036200
131400
318020
315640
262260
356860
036560
226950
419050
146320
104460
036800
045390
150840
042520
397030
080420
149950
122450
110990
211270
110790
032820
205100
057680
214260
235980
043610
065510
168360
041020
083450
239890
293780
091580
900290
089600
045970
225530
011040
046440
171090
099440
057880
042420
419530
174900
037070
038290
194700
125210
294570
033340
388870
226330
192440
388720
092730
092070
024850
063570
389020
166480
119830
053300
115960
035080
314130
206560
138610
073640
190510
094820
222810
094480
172670
086980
072770
043370
078350
063170
005860
067280
347860
250060
282720
027710
079940
950170
067000
180400
096240
214180
073490
060570
088800
048550
348150
019210
138690
389470
084990
036010
122990
024810
156100
317770
063080
388050
035810
259630
251370
023760
136540
382900
039560
251630
047560
018000
032300
090470
203650
173130
104480
357230
418250
321550
220260
064240
223250
290690
322310
164060
160980
355390
014470
092130
121440
274090
377480
100130
044340
371950
162300
149980
023910
273640
363250
012860
264450
089890
175140
084730
195990
137950
215360
093520
228850
131370
036190
078160
267320
067990
079960
138080
068930
272110
006910
950220
053580
092190
340930
300080
270660
054620
046210
405100
148150
376190
160550
253590
432430
060560
013310
038110
049180
109740
102120
086960
317870
012700
211050
261780
104540
311320
234340
040910
366030
039340
006620
052260
065560
236200
241840
356680
090850
092870
365270
048910
099750
027050
159010
207760
105330
419080
096610
950190
078940
310200
067900
321370
290550
206400
049720
080220
347890
261200
023600
036630
357580
389030
010470
082800
009730
065660
032860
111710
216050
241790
302430
373170
171120
300120
023900
041590
362320
115160
311690
038880
337930
200470
140670
411080
014940
036120
033310
403490
096630
219130
061250
021080
054780
317240
071200
291230
007330
064820
066700
377030
264850
068790
382480
037460
203400
361570
253840
029480
089850
391710
353590
036710
263600
067290
322180
054050
124560
330350
054800
294140
377450
222040
265560
256940
183490
052420
038390
072870
058630
126880
376930
061040
066980
052710
263690
100590
054670
054930
067390
025950
408900
019550
026150
140070
067370
086670
041930
120240
434480
332570
010170
023440
037440
368770
053280
046140
053700
348080
065680
215090
178780
294630
417500
049080
361390
950110
251120
255440
053450
317830
199820
041440
438700
003100
373200
305090
106080
333620
094850
051980
058400
309930
264660
047820
263860
155650
234300
363260
196490
293580
348350
067570
353810
271830
049520
100700
340810
065450
060310
052330
039860
232680
007820
269620
050110
417860
086820
000440
396300
073560
288620
085670
040420
217190
005710
234690
263050
035610
104620
408920
078140
013990
417790
037370
005990
260930
153710
106190
093190
074430
051160
086040
347000
236810
046120
950200
066670
019590
159580
068050
170030
071670
024060
352910
215100
105550
378800
417970
065530
033230
407400
021320
095190
274400
290720
066590
352700
160600
302550
072020
112290
093920
053260
018120
024880
141000
049960
388790
241770
065130
122310
306620
108380
102370
246720
009300
256630
306040
037950
082850
060230
001540
066620
064850
377220
376980
078130
073010
082660
043650
105740
225190
284620
304360
101930
092460
308080
011320
226440
254120
020710
301300
019010
086710
376180
048430
405000
424980
217500
087260
053050
033170
263700
091590
289080
393210
333430
002800
276040
309960
065710
288980
027580
009780
234100
078890
090410
226400
129920
355150
214610
122350
066410
412350
031860
245620
025550
127980
038870
187870
096350
130580
192250
006140
041920
196300
288330
011560
011370
146060
123420
448710
033830
417840
052790
037330
128660
032850
024910
071280
317690
321260
069510
056090
257370
053980
109860
059210
097800
260660
039290
080000
347770
186230
024940
053290
014200
043910
123410
042510
027830
008830
101170
189980
142210
200230
229000
304840
389140
078590
170790
076080
004650
059120
218150
239340
322780
043260
069540
226340
066310
204610
051490
241690
054920
201490
063440
081150
064800
006580
084180
173940
095270
214270
080580
015710
290090
263800
327260
038680
317850
142280
351330
175250
369370
163730
017480
367000
347740
089790
039240
053270
354200
203690
303530
115500
046390
054040
241520
128540
036640
115440
049430
049550
131030
307180
109960
036670
012790
150900
277410
307930
049480
406820
038070
352770
189330
083660
258610
348030
187420
318000
064480
088290
170920
336060
368600
136410
225220
158430
065950
010240
042110
339950
069920
033320
323280
045660
227950
092300
024950
198940
171010
440320
032540
263770
250000
002230
115180
088910
137080
151910
041460
134580
208140
222420
142760
024800
247660
041910
083500
033130
429270
082210
007680
239610
285800
099220
101330
200350
041520
017650
405920
242040
032790
066900
124500
098120
230980
067170
265740
023460
038010
097780
052220
227610
066360
238090
001840
065370
168330
032680
014570
290740
900100
314140
307870
442900
191420
103840
039830
096690
148930
335810
038460
060540
068330
147830
024740
072470
311390
313760
238490
007370
044060
123570
094840
330730
016250
244460
185490
224110
059270
007770
047770
019660
038060
900310
060850
094940
101390
012340
312610
052900
277070
219420
039020
199730
122690
357880
359090
018700
036090
419120
067920
066910
383930
069410
119850
056700
127120
019990
019540
025440
075970
177830
332290
053350
377330
139670
004780
007530
318010
323230
037230
043220
044960
115310
088130
099390
256150
007720
291810
049830
066130
056360
217730
196450
053620
204020
109080
100660
139050
016600
042500
307280
291650
097870
037030
046970
004590
069110
258830
276730
290520
263540
037350
042040
204840
033200
376290
003310
090150
050960
022220
109820
079970
083550
237820
238120
263920
189690
052670
032940
072990
057030
262840
040350
065650
220180
221840
028080
340360
100030
210120
270870
126640
273060
222110
205500
094970
060900
056730
057540
039420
089140
153490
198440
052770
147760
034940
104200
228340
200780
050860
351320
024830
340440
014190
040610
039610
062860
140520
279600
033560
299170
290380
123010
263810
014970
204630
040160
219550
036170
131100
169330
046940
035620
419540
121850
048770
260970
303030
033540
023770
038620
019570
246960
046310
246690
031310
238200
064090
052600
065440
080520
099520
181340
080010
073110
208640
032980
065570
331520
038950
013720
013810
212560
036690
066790
042940
192410
195500
085910
217620
215790
016100
047080
255220
065170
053590
006050
127710
039010
129890
076610
087600
221980
054540
010280
101240
037760
052460
267790
289010
391060
197140
064520
043340
318410
051380
222980
115610
045060
021040
153460
032580
232830
368970
083470
036180
189860
286750
008370
049630
045520
193250
024840
005670
297570
009620
089150
187660
138070
054090
053160
031510
417180
054300
356890
131760
019770
352940
053950
079170
024120
298060
131220
017000
021650
058110
208710
263020
380540
332370
187220
032750
114450
133750
043090
214870
051780
119500
050120
448740
021880
131090
032960
051390
114630
001000
143540
001810
347700
226360
317120
198080
032080
006920
018680
017510
331380
222160
141020
036000
187270
303360
900340
002290
089530
049120
115480
377460
320000
148250
353190
290120
252500
435620
025880
044480
203450
020180
328380
104040
192390
066430
085810
299660
130500
065060
101400
296640
080530
187790
067010
191410
130740
372800
026040
060380
008470
035290
060240
208350
039310
012620
052860
123750
184230
424760
043590
016920
045300
075130
093380
043710
900110
002680
089230
290270
101000
036480
039980
052300
190650
258790
092600
035460
080720
241820
080470
224060
900300
318160
094860
045510
225590
110020
215380
065500
016670
227100
215480
072950
018620
331920
065150
048470
059100
095910
159910
060260
037400
131180
344860
310870
154040
079000
032800
038530
049470
113810
045340
117670
033050
179530
154030
237750
086060
081580
308100
014100
044780
030350
035200
439250
208340
317530
038340
900070
063760
177350
123840
365900
333050
084440
079650
361670
048830
054940
027040
050760
058530
053060
008290
099410
098660
161570
020400
071850
900280
091340
148780
111870
103230
060480
017250
225430
138360
290660
067730
137940
071460
025870
058450
079190
043200
073190
032280
079950
083640
068940
900260
043100
054180
335870
115530
250930
106240
451700
065770
115570
072520
196700
148140
275630
219750
054220
123330
054410
134060
299910
023790
073540
043360
091970
026910
011080
208860
070590
091440
065420
114120
367360
321820
069330
039740
223310
054630
101680
033790
050090
067770
214310
900120
062970
065690
078860
900270
070300
069140
404950
449020
096870
044180
439410
393360
430230
046070
440820
424140
406760
457630
106520
422040
217480
430220
454750
442310
457390
450410
425290
421800
413630
412930
418170
446750
430460
436610
377400
446840
388800
03481K
438220
435380
448370
415580
377630
426550
174880
427950
436530
397880
440200
454640
445970
405350
430700
458320
456440
380320
058220
400840
419270
444920
437780
450050
372290
446190
455910
452670
405640
448830
455310
439730
446150
448760
121890
442130
450940
442770
455250
386580
445360
456490
458610
433530
440790
08537M
435870
418210
373340
413600
438580
457940
021045
032685
