005930
373220
000660
207940
005490
005935
005380
006400
051910
035420
000270
003670
105560
012330
068270
035720
028260
055550
066570
096770
032830
047050
003550
086790
000810
033780
138040
015760
323410
017670
329180
034730
034020
018260
010130
009150
352820
316140
024110
010950
030200
009540
003490
011200
001570
259960
090430
010140
051900
086280
326030
005830
042660
402340
028050
011170
011070
000100
377300
241560
361610
012450
088980
267250
004020
302440
009830
036570
161390
307950
018880
271560
034220
042700
047810
005070
032640
097950
383220
000720
006800
005387
011780
078930
251270
128940
029780
005940
010620
016360
008770
006260
035250
064350
071050
021240
010120
001450
011790
003410
004990
180640
004370
088350
028670
001040
005385
039490
267260
002790
282330
007070
051915
052690
081660
112610
272210
030000
138930
036460
002380
008930
012750
111770
006740
042670
000990
023530
175330
004170
139480
204320
000150
014680
020150
079550
000120
000880
047040
298050
007660
298040
010060
017800
026960
003620
011210
001440
267270
298020
069960
005850
051600
248070
006110
004000
001740
006040
007310
192820
003230
137310
018670
002710
005420
139130
108320
009240
000080
336260
009420
073240
004800
353200
006280
120110
006360
069620
457190
003690
005300
375500
145720
185750
100090
001120
161890
285130
009970
032350
000240
280360
114090
336370
103140
195870
000670
456040
089860
009900
093370
003030
010780
001800
012510
014820
001060
001430
006650
000210
069260
214320
004490
192650
089590
271940
300720
395400
019170
003090
085620
016380
002840
000400
007340
105630
330590
006120
181710
348950
365550
066575
023590
178920
002350
020560
082640
001530
039130
003540
192080
090460
268280
008730
003850
005250
210980
001470
294870
950210
007700
344820
064960
161000
031430
082740
003240
192400
001680
009450
272450
030190
000640
000815
049770
000070
005880
460860
383800
030610
249420
018250
005610
068400
005440
025540
033240
017960
293940
381970
011810
001390
000370
001720
057050
005180
002240
003530
034120
170900
103590
00680K
003470
034310
357120
377740
284740
097520
011930
020000
007690
077500
091810
145990
005690
281820
003000
013890
058430
241590
200880
010690
003520
014830
033270
017940
004430
017810
093050
074610
058650
900140
006405
003280
108670
403550
004690
000490
306200
015540
183190
123890
448730
001725
005090
286940
453340
012630
090435
001820
025860
094800
451800
003570
002030
051905
079160
003220
060980
005950
007810
012030
432320
003545
000430
001340
002310
001780
001200
007460
027410
003300
126560
093230
084010
016800
008350
005810
003920
008490
004700
029530
226320
298690
017390
363280
088260
009290
006390
001940
00088K
298000
077970
078520
034830
000680
005500
097230
002320
102460
072710
075580
018470
115390
322000
037560
122900
037270
002960
009680
005010
007570
126720
462520
138490
092220
00104K
001510
071320
096760
001790
000155
092790
053210
095720
071970
003120
002150
053690
005390
036420
011000
000020
007210
001500
026890
001630
002900
001880
006220
104700
009160
011760
016580
130660
272550
213500
030210
005389
229640
092200
003960
001460
004380
293480
024720
271980
071055
003060
001520
036530
037710
027970
006840
460850
084690
000050
003070
004980
016590
002810
001270
452260
005720
029460
002020
010600
102260
003160
004360
071840
011330
234080
015590
008060
039570
334890
001130
000480
003200
450140
035510
010580
010955
025000
092230
139990
107590
377190
000540
011500
004710
015860
081000
105840
117580
004250
019680
009580
000140
015360
010100
095570
007160
084680
014580
079980
339770
015890
009155
044450
317400
001250
002100
001080
011785
002990
015230
100250
006060
005945
003555
079430
004560
020120
136490
016710
404990
058850
002780
012320
016450
001360
090350
417310
097955
465770
013570
001230
008260
002390
035150
007860
003720
033530
014280
024900
003580
128820
083420
011280
028100
194370
012610
214390
016610
005680
002210
000320
000390
011700
123690
168490
055490
002620
010820
033920
100840
282690
068290
101530
000700
000970
011300
109070
008700
00279K
023800
002170
031440
210540
011690
070960
134380
000230
094280
007540
006490
014530
009410
005960
069460
214330
000860
008040
017370
400760
006890
02826K
000180
025820
248170
004080
003830
004090
024090
267850
372910
004890
017550
004970
003547
013580
096775
009270
019440
014160
012800
002700
214420
089470
032560
004310
047400
005430
063160
000500
003350
003460
010040
120030
003650
017900
023450
036580
004840
006370
001750
009190
025560
267290
004100
023000
007280
004150
058860
009070
002200
034590
004830
308170
002600
001045
016740
017040
067830
011150
000520
004720
002460
380440
264900
009470
350520
035000
008970
003480
244920
002450
227840
003610
003780
016880
012690
004140
33626K
016090
101140
396690
021050
004920
092440
009200
024890
044820
023810
012170
007980
078000
004060
009810
000300
446070
013360
005740
058730
031820
014790
008870
013870
163560
007590
004910
075180
001260
002760
004960
010960
000910
033180
000157
001560
005800
007110
002140
013520
008110
018500
002720
004770
085310
119650
004270
001290
000220
145210
002220
004540
006880
357430
006660
111110
006340
002920
009320
010660
008250
006090
017180
001380
338100
026940
002630
000850
012600
090080
041650
071090
03473K
023960
000890
000105
025750
069640
002360
013700
000650
155660
004410
014990
010640
003010
000040
027740
001550
102280
143210
005870
129260
092780
009440
011390
004450
015260
049800
378850
019490
006980
000590
014710
120115
014440
009180
005750
069730
021820
012160
002795
28513K
023350
008420
001620
357250
014130
078935
009770
011230
034300
002410
090370
005360
019180
009460
003080
001275
003560
134790
004440
123700
019175
009835
33637K
000725
100220
051630
004870
118000
091090
012200
007610
020760
006805
006570
025530
001070
005305
001140
003925
011420
145270
023150
005820
012280
000760
010770
155900
37550L
005320
006200
133820
072130
084870
033250
093240
006125
001020
024070
003465
000950
010400
008775
005030
001420
013000
084670
37550K
002690
002070
030720
002880
044380
002420
009140
000215
011090
007120
014910
204210
008600
002820
003475
015020
019685
002870
025890
006380
001210
003680
152550
001465
005110
010420
00499K
025620
003495
009310
33626L
088790
001770
005257
004365
35320K
108675
003535
002355
030790
001685
071950
007815
001795
33637L
000087
45014K
140910
000075
004105
008500
004255
000885
002025
38380K
003075
18064K
001067
001065
45226K
00806K
005725
000225
36328K
145995
004985
090355
000325
004835
26490K
001515
008355
009415
007575
084695
005745
001755
014285
00781K
014825
000145
005965
006345
004545
012205
002995
004415
000545
011155
000227
014915
002785
002787
001525
001527
