04338
00700
80700
09988
89988
00941
80941
04335
00005
00939
04333
04332
01299
03690
81299
83690
00883
06288
80883
04336
09999
09633
09618
00388
09888
89618
80388
02318
89888
01398
02015
82318
01810
00945
81810
01211
01024
02020
81211
81024
02378
82020
00016
01109
03988
00027
02388
01876
02328
80016
82388
00267
01928
02888
09961
00066
09987
00011
00762
00688
02269
80011
03328
02423
00001
02057
00002
03968
00669
01113
06160
00291
00788
06618
80291
00857
01913
09866
86618
00981
06862
01929
09868
00386
02319
00003
02313
01179
00960
00012
00992
01038
00823
00175
01972
02628
80992
01997
02331
80175
01288
01088
82331
01698
00006
00285
01658
01209
02899
01378
09901
00836
02688
01099
00316
06690
00083
01093
04337
02618
06823
09896
00004
02382
00241
00151
00322
01801
00135
03692
00728
00998
01177
00293
00288
01193
02601
01942
02066
00881
00968
02076
06963
09889
06660
01821
00019
01585
00020
00101
80020
00247
00868
09863
01171
06969
09626
03311
00384
00168
01548
01128
06030
00144
00696
00486
03808
06186
02282
02638
00656
02588
00780
03888
00631
06110
00017
01818
00123
00270
01910
01308
02380
06979
01797
00973
01908
03998
03800
00659
00268
06060
03323
02367
03668
03698
02359
00392
03931
01066
09992
03320
09885
09926
01359
01044
02799
06818
00966
02007
02669
02602
02357
02518
00467
00772
06199
00867
00412
01919
00522
00008
03908
06078
06098
00914
01882
00023
00576
00489
00087
01898
00753
03360
01347
01339
00425
01551
00220
00552
01816
00136
03606
01999
09898
00853
00880
01988
01208
03900
02333
00013
02689
00916
01799
09668
01508
00148
02338
03993
01111
03331
01833
82333
01336
06623
01114
00053
02202
00683
00416
09688
03650
00069
01368
01258
06049
01958
01888
01776
03660
01055
00902
01735
02600
00358
00371
00763
09985
06990
06886
01199
09878
03918
00257
00754
00390
09677
00354
09899
02096
02252
02883
03396
01800
00694
06808
01252
00839
01766
02386
06837
01530
00570
06190
06993
01606
02018
03633
00014
09922
09877
09993
09698
03898
06881
01060
01313
01907
00010
00551
02778
00512
02099
00670
02162
00817
03899
01918
02039
00142
01772
01787
00579
01579
01798
00639
00189
03868
01896
01216
02128
00933
02343
01448
01415
02186
02005
02285
09930
02611
01357
03933
02016
00697
00586
00636
00152
01880
00303
02238
01121
00590
09979
02607
00604
03308
00546
01883
00081
01316
02869
09860
01302
06122
01083
02469
01138
00363
02169
03613
03709
02273
01030
00120
02145
01541
00045
01578
00345
06066
02314
00558
06698
01186
02245
02196
00041
02291
01951
02255
02606
00778
02013
03990
00200
00179
00921
03896
01381
00708
01992
02411
01811
03877
01164
02299
09966
00177
03983
06099
00990
02139
06955
01468
00336
09969
00855
06699
06606
00308
00819
01405
09638
09658
03996
00034
01361
01675
01969
00934
09869
01610
09699
09997
00884
02480
01513
06865
01196
02121
01686
06689
00165
01983
01070
00777
02325
02666
00506
01666
00991
06088
00071
01516
09956
06055
06666
09696
09995
03333
00751
01789
02157
03618
02232
02558
02356
01052
02150
01341
01905
09636
00119
00667
02391
01855
06929
00826
00173
02172
02155
00775
01515
00909
00405
00906
01963
00116
01921
09923
00095
00297
02400
06683
02487
01458
01157
03319
01112
01476
01836
01475
00665
06686
00598
00856
00327
06855
01244
00314
02877
03339
00710
00460
02696
01271
02362
01117
02179
06600
01387
00317
01916
01558
06655
03669
02416
00535
09666
00797
00272
00028
01952
01788
87001
01782
01224
01071
00373
09858
02315
01250
01268
00830
00182
01717
00440
02038
01995
00086
02407
01773
03306
02105
00341
01668
02192
02171
00215
02727
03383
00051
01286
01860
03347
01477
00956
03969
00256
03759
06868
02777
01119
03380
00874
06069
00548
00033
06608
01709
00062
06616
01830
02156
01618
00517
02390
03866
00410
01622
03316
09669
01576
09996
01501
02459
00315
01385
02858
01691
02306
00686
01866
03309
00581
00743
00035
02418
00806
06198
02257
06639
00709
06626
01401
03738
03377
80737
02678
01310
00737
06830
00376
00995
01277
01133
02160
01234
02405
03958
01238
00369
01809
02233
01911
01890
00435
01400
00975
01681
01521
01765
01877
03390
06178
06922
06166
00338
01839
02098
00861
01733
01763
06669
01198
00799
09959
02158
01755
02415
06869
06806
00302
06889
00207
01760
00289
01857
02148
00658
09955
01478
06100
01463
01563
03883
00520
01600
01813
08137
00258
00873
01596
01033
00242
02138
06633
02880
00813
00693
02001
00357
01970
03813
00127
00178
09857
03382
02322
09913
02199
00587
09886
02866
01785
06185
01003
01651
00032
02436
01072
02342
00807
00468
02219
01848
00158
00662
03393
01205
09983
00026
01626
00650
02660
06836
02208
01696
01571
01426
06821
03600
02482
06610
06188
02187
00105
00347
01599
01345
00746
00493
06138
01137
00259
01126
03939
01272
00811
00331
00108
01428
02383
02276
02385
03798
00382
00085
00098
00691
02190
00931
01167
01176
01223
01729
01270
01708
00078
00525
01523
02718
02002
02225
00580
01881
06989
02616
09977
00680
00029
01665
01006
08279
06169
01442
02368
01432
02215
01873
09986
01899
00585
01231
00480
02373
03611
01440
00323
00732
00900
00596
06819
02886
00107
00612
01184
00808
01382
02722
02361
00606
01450
01726
01909
01005
09911
02355
03636
00194
02279
01140
08083
01045
06601
02500
00798
06858
00088
00398
02191
01221
06978
03886
00626
02231
02181
00326
06090
00816
09990
02217
00978
06667
02337
01672
02118
03718
06680
03833
00340
02183
02137
00776
08446
02009
01795
02360
01977
01593
01820
00305
09909
00411
06896
01528
00563
00025
06196
01817
02235
09616
00842
00695
01638
01713
01488
01931
01090
03989
06622
01608
02130
06820
00564
01204
02256
01597
09960
02552
00419
00752
01091
00030
00163
06628
01725
01183
06127
00878
00488
02348
01525
00050
01469
01321
01373
00882
01257
01697
00186
01935
01122
00093
03330
01456
01061
01846
03318
08328
00818
02147
02175
00113
06093
03903
03818
02420
06826
00951
01875
00038
00335
02409
06828
01539
02798
03700
09936
02250
01503
00400
02341
00222
00622
00542
00159
09991
01499
02236
00321
06668
01009
00547
02698
00064
01375
01104
01702
08053
01526
01719
00846
01728
00273
01332
00052
00147
00511
01966
00863
01098
00609
01115
00875
00240
01981
02425
03788
01854
00018
02163
01358
02003
09982
00266
00716
01948
03336
02101
01727
03300
01180
00286
00393
02633
02136
00360
00603
03337
02025
01680
01263
00279
00635
09906
09939
07827
02399
00133
00230
01659
00160
01812
00474
03681
00887
08395
01383
02198
01660
01858
01543
02167
01943
00661
03913
00989
02289
07836
02768
00169
01050
01863
00838
01116
01986
02251
03315
01108
02142
00837
02283
00196
00124
01370
02153
01692
00618
01780
02008
03737
02772
01628
02197
00031
03882
00896
00617
09908
06661
00982
01656
07801
02392
01748
01979
03369
00677
01290
03773
06677
07855
01317
01652
00719
00497
03303
01569
01786
00952
00750
00825
02327
02111
01982
03836
01588
00149
00530
03658
00157
06885
00353
08316
02180
01586
00191
00255
08617
01075
01745
00610
02278
00533
01837
02120
00450
00391
06638
01901
00374
00131
01330
01483
00057
06811
09919
00538
02439
00910
01233
00383
01796
06118
01161
00711
02779
00330
03848
00251
03329
00829
00769
02402
00431
01082
00848
09600
00505
00408
03399
00224
01568
01065
06805
00128
01502
02221
00869
00560
02237
09989
06918
06609
01783
01978
01853
06117
01868
02161
00201
01425
08195
01023
01300
01731
00202
01961
00089
08107
01689
00627
01086
01125
00439
01168
00938
00554
00150
01127
00212
01141
01756
00337
00607
02185
00166
02100
01349
02481
02486
06913
01989
01936
00367
02878
00655
01278
02126
02297
00720
02488
03389
01627
00228
01051
03838
00573
00592
00355
01283
01601
03869
00528
01410
00206
00306
01100
02377
00237
00277
08095
00698
00037
01029
00672
00225
06988
08049
08391
00099
08075
00422
02146
01084
00531
00156
01243
00213
01609
08418
00976
03688
02369
01730
00252
03398
01769
02170
03768
00503
00536
02270
00687
02000
00950
00199
00471
00232
00329
02152
03608
00184
02033
06996
01741
01870
01856
00521
06908
08227
02117
01076
01293
02207
01823
01957
08026
00860
01431
01412
00226
01635
02309
01329
02112
00898
01085
01461
03999
00924
01790
03689
00757
03991
08021
01222
02068
02265
01583
01372
01778
01850
00726
00301
00245
02317
08402
00809
01301
00733
02189
01170
00195
09689
00295
02292
00406
08011
03978
02298
06158
00109
01570
00771
00418
00438
08037
00126
00082
01036
02132
02011
00235
02019
02246
00673
06878
01228
00553
00420
03708
09928
00568
01181
00129
00701
00588
00543
00216
00154
03928
02218
03348
00926
00611
00046
00432
00219
00472
02166
00827
01522
02458
00171
06919
02738
06058
01993
08371
00451
06123
01645
06998
01346
01925
00218
08047
01827
08603
00800
00722
01996
06833
00715
00296
00097
00239
00346
00831
08223
01777
00413
00866
03639
01285
00217
01203
06909
01611
01922
02281
02599
00102
01131
00334
00458
00621
02239
00929
02131
00366
08360
03680
02023
01393
01662
02119
00343
00500
01057
06136
00613
06898
00730
06838
02195
00815
01251
03778
08081
01851
09933
03321
02302
00676
02389
03301
02421
08659
01895
03686
09958
01129
00278
01282
02352
02210
01573
02346
08229
00668
02260
02295
01419
02188
03828
00729
02216
01771
01110
01575
01489
01906
02205
01319
02350
01940
02030
01466
06113
01980
01022
00423
06822
00985
00040
00139
00265
06033
01200
00455
01553
00897
03860
08368
00106
00608
01053
00529
00487
01761
00765
00993
01960
00250
02393
01867
02222
00039
01068
06968
08349
01802
02048
00623
00527
01739
01498
01861
01738
00298
08540
02422
00702
02127
00210
01542
01673
06893
00365
01253
01026
01303
00684
00332
01406
00821
03678
00922
00229
02321
01118
09900
01587
06866
01063
01721
01962
03623
01265
00138
01094
00063
00707
00185
02125
03662
08215
00351
01623
06939
00532
00180
02107
01894
00685
01663
01975
00214
01655
08235
01945
02230
08005
00980
00820
00370
00895
00397
01297
00969
00713
00311
01240
01105
00434
00007
00822
00679
00640
06966
08270
00643
00571
02372
01815
00399
02115
00103
01328
00912
03603
03839
01323
08167
00731
02440
02442
00987
00096
00994
00595
01185
01565
08153
00583
01245
02427
00832
01939
02892
01413
08246
06036
00620
01292
00368
01577
02347
06068
00137
01847
00496
00690
00970
01707
02370
02329
08283
00204
00717
03368
02176
08300
02280
00280
01616
06161
01937
01538
01120
01146
00508
00927
06128
01835
00117
06162
09608
02457
00075
02336
00557
08297
01020
00254
00828
00065
01903
02455
01991
00954
01172
01284
00674
01148
01010
02271
00244
00641
02293
00852
08132
00526
08039
08613
02168
03601
01518
00433
00236
00983
01598
08310
01134
01097
06882
00721
01218
02060
01556
01949
01449
06839
01034
01443
08645
01481
00320
01025
01058
00385
01159
02376
00361
01520
00593
01932
01188
01143
00234
00582
01985
00114
08158
00833
00918
00628
01822
01459
00187
00681
00844
01915
06890
00738
00565
08405
00925
00498
00021
01947
06958
08308
01215
06663
09968
01207
00132
01845
01950
01039
08326
02608
01202
06816
01869
01938
00907
01397
01762
00859
00417
06928
01314
08329
01582
01710
01612
02789
03366
00936
02123
03616
06696
01753
06999
01399
01455
01206
02349
01683
08040
08601
01808
00287
00789
01643
02226
01262
01712
08527
01480
03326
01732
06133
01407
01201
02135
00362
08023
08502
00759
01305
08406
02182
01900
00253
01001
01917
00718
01046
00556
01312
00290
01884
00294
00313
01379
03332
01930
01008
03302
01473
00264
01953
02212
01878
00356
01747
01028
01062
00575
02682
00436
01260
00442
02700
00080
08281
01460
01280
00814
00459
00764
00172
06899
08350
01832
00174
06119
00122
08213
00444
00932
02307
00948
08017
02177
01004
01402
01636
03363
08606
00510
00271
02326
00653
01955
00755
01447
02086
01751
01559
08168
01335
00591
00663
08050
00519
00372
02668
08668
01388
00758
00118
00205
00894
06829
00854
01080
01107
08295
08178
00567
01669
01843
02381
08657
02623
01369
01560
08476
01376
02209
01640
09916
03699
00984
01540
00274
06888
08172
00550
01920
01965
01889
01490
03638
00375
08471
06038
00947
01971
00077
00292
01613
01757
03322
00953
01486
00483
08512
00125
08367
02286
00059
01632
01897
03313
01549
00387
02882
01803
00111
01561
02371
01073
01273
08031
01685
00979
08487
08225
01615
00862
00090
00865
02263
02258
01417
00060
02017
00559
08041
03683
08480
01617
00211
01011
08189
03963
01153
00104
08198
00851
00475
00756
00600
00188
02450
06083
00974
00073
01716
00227
06860
08007
00923
00513
01427
01572
00572
02863
00810
01842
01746
01767
01002
08473
08103
02108
01987
00893
08170
01701
02663
08162
00092
02012
00703
02339
01532
00638
01667
02193
00704
08176
01298
08452
09998
01545
01147
01106
02433
08003
01226
00727
01123
01557
08509
00491
01446
00913
01451
01338
02080
01418
08413
00312
02078
01703
00022
00162
00637
00589
01967
06877
01047
01775
02116
02165
03816
01679
01705
02102
01037
02051
08451
01396
01891
01715
02129
08437
00379
08080
06063
01246
01793
01416
01547
02885
08057
01103
02728
02110
01650
08490
00146
00464
00876
00223
02266
00476
03889
06812
00430
01580
00943
01217
01859
02528
02159
01722
00725
01326
01718
01633
01752
01132
00689
01152
08426
01163
01555
00858
00261
00197
00648
00872
01831
01620
01927
08439
00919
08445
00518
00484
08525
02178
01173
06182
08271
00070
08521
01351
00499
02708
01027
01395
00988
08113
01500
08128
00905
08269
08218
08646
08149
02088
01389
01124
00333
08482
03395
01933
01229
00747
01101
00428
08029
08146
00889
08353
01496
08411
08071
00181
01841
00072
06611
00599
01049
08495
01959
08033
08179
00834
09929
08036
02358
08062
01289
08315
00482
06163
02680
00899
01269
00619
00091
00269
00928
00712
02227
01737
08247
08268
01657
08203
01194
00629
01711
03728
01546
02031
00377
01529
01527
06933
00183
01865
08275
01213
01676
02340
08412
03666
00675
01343
08100
08296
01826
00915
06900
01420
01849
08098
01653
00403
00841
00495
02683
01690
00605
08379
08148
01165
00094
01637
08051
06189
08609
08056
00601
00036
01968
01661
08348
08173
00840
01429
02288
08120
01156
08262
08237
01408
00380
00465
01247
01150
00574
01758
08496
00723
00262
02203
01069
00767
02262
03628
01433
03789
08035
09938
01699
08370
01631
01742
01191
08319
01281
00784
01380
00871
00276
01629
00804
08163
02028
01162
08159
01759
00076
08501
01059
01130
08325
01355
08205
00864
01671
01232
08052
01348
08118
08481
01552
06193
01862
08377
01740
08257
01362
08307
00888
08250
08627
08436
02320
08311
01871
08115
02448
08523
00328
08043
09963
08112
02330
08431
09918
01007
00646
01472
08313
00845
01592
08123
01693
02223
03822
08620
01941
06111
01591
08383
08019
01235
00309
06108
08483
00456
08317
01166
01630
08403
08241
03893
01255
00084
00396
01000
01621
00318
01581
08423
08028
08196
00886
02022
08513
00794
00682
01210
01160
08140
08365
01013
00996
01145
08320
08357
00911
08067
08535
08432
01902
00243
01720
08511
08425
08373
01647
00657
08093
01723
08013
00632
01872
08510
03997
00130
08419
00359
08305
00055
03626
08623
00141
08447
08491
01189
03878
02113
00042
08073
08372
08082
00645
01536
08489
01142
08126
01682
08245
00260
08226
01064
08267
06880
02324
08027
00524
01706
08622
01182
08299
00342
00009
01259
08065
00145
01315
01749
01470
01750
08292
01695
08238
08130
00986
01792
00540
06116
02122
02211
08607
01912
08456
01241
08611
08500
01195
08616
00901
00616
00248
08450
08239
08181
01239
00164
08117
08221
08200
08532
03938
08219
06080
08416
08392
08070
08356
00348
08430
00352
00110
01371
00401
08507
00167
08619
08321
01237
01495
00509
00602
08042
08069
00515
08287
08635
08366
00812
03919
00630
08249
01087
08139
08519
01079
08375
08217
08333
08290
08290
08547
00209
08206
08131
00193
02363
00176
00115
08211
02323
08362
08347
08096
08048
01421
00299
01327
08545
08072
01220
08193
09978
08001
00544
08136
08045
08079
08020
08160
00061
00802
02310
08121
03830
00426
01340
00079
08472
01439
08152
08428
00959
08210
08400
08030
08462
00768
08188
00997
00736
08612
08363
08220
01566
08282
08106
08331
08448
00339
08301
08291
01102
01452
00389
02312
08208
08277
08337
08455
08232
08286
08009
08143
08151
08285
08417
08537
08493
08063
08091
08066
08201
08536
01360
01825
08385
08222
08156
01225
08076
01266
08133
08006
08526
08059
00904
08092
01736
08401
02699
08631
00048
08420
08429
08111
08169
08087
00310
08018
08280
00485
00381
08621
08460
08060
00660
08475
08109
08340
08242
08187
08293
08516
00058
08150
08147
08341
08089
08191
08427
08161
08125
08422
00724
08186
08166
08078
00760
00745
00770
04607
04619
04618
04617
04620
06688
08577
04621
08596
02989
08553
07841
02971
02983
02997
08560
02999
03588
02905
08562
08565
02916
08570
08578
02963
08595
08593
08592
08597
02970
08598
02972
02973
08599
