600519
601857
601398
601288
601988
601628
600036
600028
600900
601318
601088
601728
601658
601138
601166
600809
600309
600276
601899
600030
601816
601668
601328
601319
603288
600000
601888
603259
601601
601998
601012
601225
600406
600104
600887
600436
601633
600050
600048
601066
688111
600690
601818
601766
600019
601985
600031
601390
600016
600438
600905
600025
601919
600150
600018
601688
688041
600760
600919
601006
688036
601211
603501
603993
601995
600585
601800
600989
600346
600999
601186
688223
601169
688981
600188
600893
600837
601111
601989
600009
600547
603195
600941
600015
600886
600011
601229
601100
601669
601600
688303
688271
688012
600029
601009
601898
600845
600010
601689
600111
601336
601127
600703
600660
601881
603369
688396
601238
600085
600089
601868
605499
600039
601698
600958
603260
600426
601360
600372
601018
603986
600926
600795
600674
600115
601788
601618
603799
688599
600221
600938
600600
603659
600570
603392
603833
601939
600196
601727
600023
601901
603198
601825
600741
601699
688008
600588
601021
600176
601377
601916
688126
600489
603019
601872
601865
600745
601838
600584
600803
688256
600233
603806
600256
601877
601607
600918
601808
600415
600026
688009
601117
600522
600027
600515
600061
600236
688082
600875
600332
600702
688363
600482
601799
601555
600160
600362
600132
600161
603605
600079
600377
688072
688728
600606
601878
601058
600546
603345
603737
600219
600765
688169
603000
601108
688538
600663
601233
688777
600732
688349
688561
601236
600183
603939
601958
688188
601077
601216
601298
600460
688187
600350
600862
600109
600754
688047
600885
603899
603816
600895
600985
601615
603688
600487
601991
603885
600816
600177
688819
601577
600398
605117
600968
688375
600096
688065
600779
600536
600383
603596
688297
603156
600705
600642
603589
601168
601696
601231
600348
600153
600157
688122
601966
600352
601155
600884
603290
600378
600995
688521
601990
600118
600298
600998
601880
603568
603233
603868
603882
600072
600066
601933
600655
600970
601162
603786
600418
600871
688120
600517
600583
603160
688180
600060
600486
600166
600873
603486
600733
600369
600763
688099
601158
600497
603658
600848
688295
600004
600872
601598
601198
688220
601099
603728
600977
600906
601928
603338
603444
600518
600021
603893
600100
688276
600988
601456
600170
601228
600637
600704
600511
600699
688617
600521
601179
600879
600549
603087
601666
603529
688567
603826
688385
600032
600390
600566
600129
603179
603456
601866
600927
600598
603613
688281
600859
688520
600516
600282
600361
603979
601567
600380
603185
600688
600863
600563
688301
600038
688153
688536
600675
688234
600141
600909
600498
688425
600095
603606
600299
601858
601399
600582
601611
605358
688063
603517
600271
601000
601636
688331
600483
600559
603730
600499
603298
600839
603305
688390
600098
601098
600208
601212
600933
600143
688516
600339
600416
603129
600867
688002
601106
601016
600008
600707
603565
600578
600612
601568
688772
688032
603707
601128
601997
600325
603225
600535
603077
600685
600801
600007
601118
600673
600739
601965
600901
601139
603858
600258
603712
601665
600956
600392
688005
601717
601156
601001
600329
603927
688050
600528
600481
600399
600155
600295
600916
601019
688333
600131
600562
600827
601992
600820
600500
688198
603599
600056
688017
600737
600315
603228
600248
600877
603650
688778
600777
601921
600529
688037
688200
688318
603379
603027
688779
600726
688019
688052
600062
688439
601333
601949
600297
600633
600755
601777
688107
603505
600808
600373
600928
601952
605589
601975
600764
600225
603056
688798
688568
603997
601608
600388
601828
600022
688639
600456
600959
601963
600850
688161
600199
603515
688366
688235
603033
688006
600057
603218
601702
688578
603355
600435
601326
688248
601882
600967
600266
603883
600580
688110
603279
688083
601519
600316
603888
603267
603678
600363
600711
603638
601187
601222
600761
603005
688192
600116
600641
600548
600126
688608
600395
600602
603919
600312
603127
605090
600123
600597
600323
600771
688556
688327
603025
600167
603588
601801
601677
600861
688055
603039
688739
600452
603317
600667
601375
688029
688348
601512
603866
688088
603477
688676
603171
688336
601900
600782
600420
601369
601969
601005
688686
600996
600572
688278
600740
600821
601869
600338
601918
601069
688177
601778
688001
688100
600012
600267
603043
600120
600729
603733
600717
601718
600055
600662
600601
600328
600422
688016
603876
600409
601068
688066
601827
600623
688208
603393
603197
600621
603713
600211
688690
688106
688232
600908
688139
600864
601126
600750
600657
601163
600963
600728
603100
600718
600273
603236
688700
603300
600320
603556
600179
603871
600259
603083
600587
600835
600596
605123
600446
600459
603567
600787
600776
600330
601908
600428
600975
600195
600305
605507
688023
600507
600151
600971
600595
603766
601528
688266
600185
601137
600064
600648
688007
600955
600006
603985
600556
600063
600649
600171
688105
601200
603693
600197
603348
600037
605296
600929
600376
600575
688400
600997
600917
600888
603699
600246
688206
603915
600682
603801
600216
605599
688789
603983
600508
603026
600639
600110
600335
600058
688598
688048
600201
600869
600403
605011
603103
600586
601811
688575
688707
603690
600557
600206
600780
600552
605020
605111
603337
600277
600307
600370
603612
603383
601860
601208
688027
688062
601609
601003
601686
600475
600285
688289
603063
603306
600812
600710
600993
600461
688202
603098
688262
603128
605168
688351
601678
600976
688380
603055
600903
600269
600567
601311
601015
688596
603308
600389
688586
600017
601619
600301
600773
600783
688321
600509
603881
603297
605099
601606
603489
600252
688526
600059
600033
688279
605008
600757
600882
601107
688166
600313
600478
603053
688776
600866
601595
601890
688033
688408
600163
605365
600720
600084
603719
601886
600966
688183
688239
603283
600223
688123
600158
601101
600961
600643
600651
600477
688337
600075
688091
600138
601038
603877
603227
688315
688559
688388
603108
688389
603896
600340
603920
603060
688185
600577
605116
688116
603662
600664
600746
600502
603989
605108
603533
600480
600226
600550
688190
603071
688696
600105
603169
688630
603118
603619
688018
600198
600645
688261
600458
603008
601339
688383
600610
603123
603220
600210
600020
603569
688212
600986
600576
601089
688128
603327
600603
603229
603609
600811
603170
603323
688403
600169
688332
600125
600696
603995
688268
605376
600635
600366
605339
600640
600620
603093
688300
688711
688167
600987
600449
688182
688766
688131
688382
600810
688298
601028
688518
600429
600814
603368
603013
600691
603328
603708
688658
605300
600331
603566
603595
600748
603698
601515
688508
600531
600094
603587
600410
603113
601020
603680
600874
688112
688339
600496
603299
605222
603855
605377
688270
688225
600490
688505
600751
688236
603301
603938
605368
688003
600425
601226
603035
603223
603363
603212
600251
601330
688046
601011
603666
603906
688076
600881
603358
600604
603636
688305
688319
600804
603668
688173
603208
600073
600400
600618
603258
688569
688368
603936
605598
600360
688095
603219
603718
600973
600744
600491
688677
688359
688697
600114
603711
605333
688660
688381
603466
688259
688127
600180
603667
601968
600713
688025
600231
600391
688621
688626
600797
600162
688197
600433
603439
600284
603583
600894
601116
600936
603800
600537
605266
600581
603105
600828
688533
603421
600742
688311
688209
603070
605555
600217
600823
605009
603398
600939
605183
600351
600770
603303
600759
600035
688176
600184
603187
600353
600106
601500
688150
600981
603010
600569
600525
601929
603181
603848
600343
600081
688102
688238
603859
688269
603078
688157
600054
605337
688133
600609
688680
600790
600983
600841
603530
688513
600278
601388
600108
603639
600510
603203
688800
605369
603367
688371
600789
603508
603738
605118
600681
600990
605007
600103
688277
605133
600326
600723
688377
600654
600984
600190
600230
688222
605199
600826
688283
600666
688196
688119
688205
600268
603590
600846
688401
601588
600775
688601
603313
600876
600053
601566
600736
603387
605077
600468
605338
600758
603396
600308
688231
600629
688059
603931
600172
600724
605198
600590
600501
600880
688356
605060
603901
688138
603018
601579
603867
688313
601008
600488
605388
601700
688566
600897
600855
600078
600121
600200
600551
600617
603416
603081
603138
688519
605050
688499
600965
688320
600694
605089
600658
603032
600310
600708
600860
603213
603067
600279
601199
600523
603357
688378
688075
688085
688733
603255
603611
600207
688258
603031
603222
603399
688103
603977
688665
688308
605056
600868
688247
603773
688207
603916
603191
603110
603069
603206
688053
688022
603520
600817
605366
600300
603209
600088
600071
600851
605018
688416
600261
688233
688588
600127
600686
688353
600611
600229
600227
603687
688579
688201
688093
600628
603987
603366
688211
688369
605305
600368
600982
688230
600495
601789
601010
600228
688668
605399
601002
600292
600168
600381
688121
688162
600479
600626
688365
600756
601368
688606
688087
600825
603528
600238
603676
603111
688148
603777
603601
600280
600829
600594
603808
603378
688373
605138
603429
603217
600545
603610
600616
688317
603165
688699
688550
603815
600794
688186
688246
600676
603959
688302
600288
600636
688330
688661
600526
603180
603970
600571
600784
600419
600327
600738
603126
600503
605286
600565
600469
600622
603757
603068
688292
603324
603823
600743
600979
688357
605136
600638
688787
600624
688299
688768
603136
600220
603230
603665
600337
603618
688595
600367
603377
603686
688667
600135
600668
600992
600715
688221
600831
603359
600568
600239
603960
603626
603012
600824
603339
603106
688560
603727
603360
600396
600589
688636
600613
600650
603861
600805
603669
688663
603956
600345
600067
600255
600375
600218
600173
603239
603309
600152
600382
688170
600257
688179
603507
603897
603628
600467
603538
603982
603330
600527
601218
688345
600716
688068
600101
600693
603315
688267
603898
603351
603116
603168
600818
603803
603887
603167
600684
603929
600318
600730
603579
688155
603600
603818
688089
600858
600397
600333
600386
600785
601996
600113
603776
688767
600262
603660
603051
603603
600439
603555
688399
600838
600405
600807
600830
600560
600513
600470
600080
603006
603585
600321
600387
600165
603121
603681
603009
603895
600833
603598
600802
600661
688026
601798
603798
600287
603001
600119
603616
603080
600097
600193
603188
600082
600697
600778
603332
603007
600136
600070
600561
600112
600289
600290
600260
