300750
000858
002594
000333
300760
000568
002415
300059
002714
000001
002475
000651
002304
002352
300999
002142
300124
300015
000725
000063
000002
300274
003816
002371
002493
300498
300122
000596
002230
001979
000625
002027
002050
000166
000538
001289
000792
000895
300014
002129
002179
002736
000776
300896
000338
002466
000617
002459
300308
002311
000425
300033
002920
000301
000708
002049
000100
002460
000963
002271
000938
000877
002236
300316
300782
000768
001965
300979
300408
002812
300433
000983
301269
000661
002709
000977
002648
000807
000786
002241
000876
002001
300413
300832
000157
000999
300347
300628
002821
002252
002938
002555
002601
000932
000733
002422
000630
300450
300442
002074
300759
002032
000800
300957
000975
002007
002410
002600
300454
000933
301308
001872
002463
002028
300142
002603
002945
300418
000408
301267
300661
002180
300223
002602
002064
000069
000629
300496
002080
002223
002078
001286
000987
002841
300866
300919
002916
300751
000066
002939
002353
300037
000783
300146
002414
300144
300601
002430
002340
002128
002532
002244
002202
000423
300012
300474
002568
002294
002153
002625
000027
000959
000723
300003
000988
000728
002673
002409
002372
300763
002152
002384
300394
002739
300487
000799
000831
002156
002185
002120
000883
300285
300502
000729
301358
300207
000738
003031
002262
002385
000021
000703
002595
000539
002608
002472
002850
002044
002738
000009
002508
000893
300799
000683
002966
002025
003022
002056
002517
002653
002439
002756
300724
301236
300114
300888
002797
300803
002465
300251
301487
002299
002624
000032
002558
000960
002405
000937
000709
000878
002203
000825
002008
301165
002607
000564
000785
300395
002261
002429
300595
000898
300699
002984
000591
000958
000513
300558
002281
000050
002444
002831
000921
300567
003035
002531
300769
002138
000830
002926
300676
000818
300390
000750
300118
300073
300765
300212
300682
000739
002500
002060
000519
300633
000537
002240
002065
300604
000401
002266
002541
002867
000060
002436
002268
002389
300573
000623
301301
301035
300339
002461
301371
002865
000951
300045
000998
001213
300861
300054
002456
002407
301029
002690
002832
000400
002408
300373
000034
301207
300001
300748
002747
002092
002318
000997
300034
002373
002015
300070
002670
002229
002368
300024
002432
000686
300058
002507
001287
002024
002145
300529
000155
300476
301498
002423
001227
000860
301510
000553
300776
000559
002572
002497
300002
002557
000516
301039
000980
000426
300459
300383
002791
300666
002683
000046
002195
002563
301239
300568
300136
000636
000778
002506
002151
001308
002019
000031
300009
002906
002698
001203
000598
000415
000039
300438
300346
300775
000927
000567
002518
300672
300296
000627
002468
002221
300456
002643
301200
300627
301090
001914
000967
002958
002155
000563
000887
300017
000552
002847
300294
002399
300357
000810
002936
002131
300777
002761
300253
002176
000028
300458
301095
000410
000403
300761
300244
002487
001323
300726
000429
000761
300677
002010
002705
002182
000156
002851
002237
000981
300638
300088
000543
002484
002273
002126
300298
002324
002544
000528
300257
000089
300679
000582
002773
002254
002925
002837
000581
300428
002192
300171
000688
001322
000869
300376
300773
300741
002312
002978
300260
002727
300229
000902
300747
002737
000875
002030
000547
002351
301511
002511
300363
002901
002335
000065
300168
002226
002287
000402
002096
300457
301177
300188
300026
000657
002317
002139
002745
301381
000035
000158
002597
002320
301238
000930
000970
300182
002402
002216
301316
300855
000966
300475
000766
001337
002946
301363
300315
002158
003012
002265
002099
300623
001270
002675
002041
002948
000762
300910
002249
002985
300525
300166
002498
002051
301015
002617
001301
002701
000837
002091
300068
000935
002960
002110
000690
002815
000062
300199
002706
002123
002081
002911
002219
300820
000422
002101
000712
000090
301155
300674
300075
300393
301262
300576
002326
002011
300101
300887
003021
002183
300115
002063
002992
002048
002366
301047
300406
002292
000061
002222
300856
300130
002654
300236
301286
000088
002085
000048
002941
002396
300432
000555
301153
000923
000012
000685
002505
002859
002434
002458
301246
301268
002242
002332
300482
300613
002424
002626
300735
002581
300973
002818
000682
301205
000811
002583
301219
002387
300133
301293
300620
300821
002528
002245
301078
000719
002212
300655
002270
001330
002585
002157
002276
000600
300080
000029
002605
002777
002610
000727
002020
300850
300323
002061
000536
000737
002258
301217
300827
002174
300624
000498
002930
002243
002003
000413
002612
000603
300083
002539
300036
300602
000928
300451
301050
002004
002217
002036
002993
000681
000767
002233
000656
000969
002929
300185
002453
002703
000758
002913
000059
300379
300593
000650
002839
003039
002100
000950
000821
300685
000990
002928
300224
301325
300768
000503
002038
300762
000828
301348
300687
002053
002154
001311
300364
300723
002079
300618
002171
000517
300087
300678
002534
002275
000756
001236
002293
002567
300226
002390
002302
002545
002959
000989
000736
300630
002146
000672
002416
000848
000049
300660
301069
002400
000030
300463
002121
002314
000791
002191
301370
301376
300841
002204
002075
300113
300693
002840
301260
300049
300737
301291
300755
002428
300634
000718
000550
301071
002895
002077
300443
002635
001269
300725
300079
002315
300548
001309
002338
002043
002127
000839
002291
300415
002130
300119
300738
300161
300869
300416
300327
000829
300811
301175
002354
000078
301339
300398
300170
300770
300053
002807
002681
002967
301080
300027
300085
300657
002102
002088
000917
300332
300470
301393
300232
300134
300579
002726
002440
002031
002239
000019
300217
002987
002446
002833
300492
301327
002267
000488
300343
300825
002668
000589
300072
002124
000899
301087
300894
002880
002549
300551
301509
300596
301297
301263
300806
300138
002068
300255
301367
002426
000420
300369
002163
002552
002707
301377
002527
002250
000881
000813
301031
300008
301216
301101
301215
301171
000968
000901
002283
002537
002651
300261
001258
002006
002573
300455
301017
000936
000801
001696
002349
300570
000913
300702
300705
002755
300833
002678
002386
300151
000597
002194
300586
300284
002990
300319
300035
300360
002819
000721
002540
000915
000544
300671
001338
300129
300860
002334
002149
000717
300527
300271
300772
300366
000676
300480
002489
000851
301408
300740
000815
300598
002093
002491
002918
300358
002907
002327
002665
000680
300990
000885
002214
300181
003040
300065
002697
002215
002413
300331
003037
002965
002284
300569
300587
002961
002746
000501
301307
300783
000070
003013
002378
000560
000795
002516
002401
000982
300348
300203
000058
300183
300353
002190
300708
002488
300303
300197
002310
300077
000755
002919
002677
300039
002649
300233
000572
301096
002125
002367
002108
301018
002891
000557
001896
000016
300031
002382
002646
002274
300904
000912
002023
002609
300267
000631
300592
300005
300352
002375
002135
300184
002034
000948
002421
300258
000735
002556
002636
300263
300256
301089
002419
002641
301116
300757
000008
002881
300025
300123
002057
002530
300848
301382
301109
300020
301073
002588
002097
301058
300982
301488
002002
002550
000922
002957
000852
000789
300396
002073
002792
002106
002356
002991
300143
002467
003009
002336
301211
002950
300377
002307
000534
002206
300409
301333
300842
000900
000700
002470
300206
300382
301030
300116
300494
002803
300662
000961
301180
300639
300663
300019
002543
001339
300378
000612
300607
301332
300158
300953
001313
000006
300401
002140
002724
003006
002547
002716
300109
300533
000652
300355
000099
301296
002937
002611
002059
002017
002280
002122
300497
002642
002935
301303
300252
300098
000595
002793
301051
300102
300180
002838
002768
301330
000524
300057
301486
300815
002519
000566
301439
301179
300766
300696
000822
002197
002515
000025
002218
300981
300997
301048
002345
000665
300722
000541
300094
300969
002478
000523
301206
002866
002882
002232
000036
002045
001223
002279
002046
301102
002664
001328
300793
300208
002758
300745
002810
300041
301499
002829
300127
002039
300846
300131
300286
002639
002986
002285
300792
300893
000906
300712
000957
002897
300617
002695
000819
301060
300055
300196
002782
002481
300809
002427
002741
300048
002344
301195
002955
300145
002435
300302
002166
002644
300174
002169
002104
002300
000040
002979
002445
002538
000546
002514
301162
300222
002932
300532
002095
300504
300468
000905
300653
002323
300559
301391
002645
002640
300191
002184
002014
301103
300485
301311
001314
002590
300435
300581
002908
000713
002208
300429
002533
300978
300857
300066
002055
300287
300307
002201
000531
000751
301328
002733
000720
300619
300047
300397
002717
301456
000826
300278
002303
002181
002016
002922
300354
300872
300349
002042
002362
000888
000561
300951
002912
002589
300291
002579
300802
300516
300341
300718
300219
300384
301091
002501
002321
301345
300684
002346
000797
002383
002438
300177
300007
002167
000011
001215
300481
002996
000525
002062
300266
300471
300715
300858
300900
002441
003038
002115
002483
002238
000409
002662
000903
300659
002035
000507
002329
300324
002752
002672
002449
300194
300942
300276
300205
300590
000861
002210
002033
002876
002970
000607
002845
001201
000716
002263
002637
300795
002801
301123
301305
300231
002785
301310
002111
300523
300288
002437
300767
002234
300337
002512
000592
300925
300434
301150
000505
300110
301322
301302
002246
002269
002623
300788
000777
301122
000670
002170
002824
002150
300081
301266
000823
002542
002376
000882
300082
002657
002759
002885
000428
000949
300503
002301
000859
300847
001208
300032
002658
301292
002614
301168
301389
300447
300575
002109
300345
300571
300490
300342
002554
300520
300506
301202
300292
002728
000666
300304
000722
000096
300636
002117
000639
300204
002029
002975
300996
301468
301149
300326
002520
300388
003000
300351
002650
003032
002022
000045
002235
002187
002474
002973
300791
000701
300790
000506
002431
002570
300318
300664
000042
300128
300439
003005
300160
000601
300051
301362
002277
300328
002982
300774
300507
300477
000931
300870
002009
300531
002393
000886
002454
002132
000993
000910
002562
300465
300225
000926
000973
300099
000731
000816
002082
300052
301349
301172
301369
002392
000802
002522
301120
300867
300552
300179
002915
002805
000576
002943
002297
000863
002577
300320
300386
002037
002425
002947
002766
003020
000965
000925
002305
300656
002047
002256
300681
300863
301117
000920
002298
300505
002455
300091
300149
300873
300603
300314
000417
001267
000793
300021
002308
300566
300248
000151
002067
300785
300739
300986
300423
301278
003028
300159
000919
002868
002765
300680
300043
003043
002228
002655
300006
301372
300317
002462
300299
300758
002161
300911
002288
300368
002189
002546
002341
002448
301356
002616
002374
000726
300365
002685
300706
002364
300436
300709
002251
002631
000897
002090
002638
301201
002479
002342
300577
300441
002980
000615
002282
002355
300903
301519
300078
300125
300311
000514
301129
300111
003029
300448
300322
300891
002083
301046
000838
001332
300616
301399
002224
002398
002322
300829
000558
301152
002969
001228
300215
002561
002107
300238
002361
300916
300310
002510
002977
000532
301099
002471
002358
000068
000850
300187
002137
300044
300359
002962
002175
300518
000584
000626
300011
000710
002443
300572
000697
000010
300093
002582
300648
002480
002309
002663
300147
300801
000976
300189
002040
300071
002551
300016
002141
002339
002168
300100
300805
300228
000620
002418
002574
000055
300190
300272
300148
300673
000407
002661
300512
002586
002951
300289
002769
002482
002148
002496
002729
300137
300508
002348
002596
000796
000836
002721
000510
002177
300511
300300
002343
002178
300422
002667
002564
002227
300155
002796
002702
002869
300565
002722
002365
002296
000518
002630
002879
002786
002253
002172
300237
300467
300107
300247
002476
300771
000533
300004
000782
002325
300132
002313
002621
000908
002622
000635
002798
300427
002005
300150
300245
300340
002094
300295
300221
002659
300096
300335
002259
300097
002628
300484
002370
300153
002433
300074
002502
300157
300056
000971
300333
002490
002114
300334
002802
000605
300010
000889
002278
002910
300269
300175
000571
000856
300152
002620
002086
002494
002089
300262
002247
300329
002699
002021
000005
002656
002052
000669
300209
300495
000662
