7203
8306
9432
6758
6861
9983
8058
9433
8316
8035
7267
6501
4063
9984
4661
8001
8031
9434
6098
6902
7974
4568
4502
8766
6367
4519
2914
8411
6981
7741
3382
7751
7182
6273
6723
6178
5108
6301
6752
8002
6594
6954
6503
6201
9022
8053
4503
6702
4901
5401
8591
9020
8113
4689
8015
8801
8725
4543
1605
4578
2802
6857
8750
7269
9613
2502
7201
7011
6971
6326
6146
1925
8802
8267
4612
7733
4452
4523
4307
9735
8630
4684
3659
7270
6701
4911
8309
9101
6762
9503
7832
6920
4507
8308
1928
8604
6502
2503
9843
7532
8830
2413
5020
7309
7259
9104
9021
9502
2801
4091
9202
6869
8593
9531
7202
6506
4528
5802
8795
5411
4188
6988
4151
2587
8601
9107
8697
7272
9697
6645
3407
5713
9042
4755
3402
1812
9201
9143
2267
2897
4716
7911
5201
7701
4324
7912
6963
9501
4768
7261
3088
9005
8729
9766
1878
9532
2269
4062
6383
6479
6586
6965
9435
3003
7936
5019
6305
4739
8951
7550
1802
9602
1801
4204
6504
7181
7211
3038
9009
4527
6724
9064
8331
4021
3092
8473
9007
8952
7186
9001
4185
1911
5406
9041
3626
4183
2768
9719
7752
4704
6465
3462
3064
1803
6841
7951
3283
6967
8439
2702
6532
7276
5831
7747
3635
8354
5334
3291
7735
3231
9147
4005
3289
3436
5332
4922
2651
8953
6845
9962
3099
9008
3861
2670
9062
3281
6460
6361
4042
6806
2875
4732
8369
7012
6448
5333
9684
3405
3769
2212
6370
8136
3288
3349
8984
1808
2002
9706
7459
6753
2181
8303
7731
1963
8572
6113
4613
6976
5101
4816
3141
3116
7453
9506
8227
8252
5938
4536
4581
6526
4403
2784
4967
1773
6473
9142
4385
5901
9508
2433
5444
9989
8060
8954
3391
8960
5021
8111
7013
6302
5929
9024
4182
2331
3697
7167
3269
2871
2282
9513
3197
8359
9045
9048
4004
8088
4530
1944
9831
4733
4516
5076
7282
8253
3774
8804
5110
2593
6471
4088
6417
9468
9401
7988
1721
5947
4912
3086
5838
8905
8056
6923
2579
8963
3132
4927
4751
9076
3923
9504
2327
6005
2229
7564
7649
8410
4205
8424
8304
4186
8233
7180
4202
9364
9987
3309
2501
4676
8955
7240
5803
9006
9404
4812
5105
2222
8985
6481
6028
4483
1951
5830
7164
2809
5711
7205
5233
6141
9301
6324
6856
7716
3279
1414
6268
9044
3397
9065
6849
9749
4666
8418
1959
3226
8976
5463
2810
6952
4203
2371
3292
8334
5714
8279
3563
2811
3401
6966
8283
1662
6755
4194
6592
7337
9003
4921
7729
8114
3249
1973
8012
9605
3471
9533
5344
5423
8972
8273
7984
6770
5991
4208
6406
8570
3941
8282
5471
9010
4401
6807
3234
2206
1942
7458
2264
4118
8967
3466
5214
1860
3107
5301
9090
3549
3098
8174
1893
6728
8961
3994
8986
9449
7189
6436
8341
4061
7071
8964
2201
4902
3282
8129
7581
2127
4681
5384
8425
6432
2531
3387
7163
6951
6055
8876
9616
7313
6134
3278
4631
7762
2296
3295
4206
1332
9759
6103
3360
7518
5032
5706
1719
4114
6995
7994
4980
3148
6925
9507
6412
4272
8628
2175
6707
2379
7476
9336
8242
6674
3880
4587
9744
9793
9072
5832
1820
9412
5631
8078
4540
7616
4506
1377
8086
5393
6960
8377
1417
7846
7947
7867
3048
1969
7956
3591
6523
8585
9303
9031
3765
4887
2607
3865
9418
6544
7730
8421
9552
6588
8956
7732
9075
3481
4928
9746
9783
7966
9505
2121
8154
8366
8020
3105
9861
8584
9934
9409
3050
7327
2432
6368
8957
8133
6457
6323
5801
1833
8098
4966
1883
7412
3186
8194
4686
8130
8987
6136
8515
4552
2726
4043
8066
2154
2678
7630
7451
2412
1824
2001
8919
4046
6425
3453
4819
8966
9069
8218
4665
6135
4023
2730
4547
9787
2782
4680
6395
2815
4180
5481
4521
4974
2337
4045
3287
4041
9936
2270
4348
5741
6750
3863
8609
6036
4478
5192
9830
9436
3296
8803
4443
8850
8381
6472
9627
9682
1979
8278
9715
9948
3097
4095
4480
5857
8524
6651
4373
1861
4544
2659
6371
7380
8358
4919
4626
7004
9601
9509
6754
4485
8698
7105
4996
7817
6740
4553
7780
2427
1407
5253
2695
1941
3569
8368
9869
7173
3222
7906
8566
6407
2602
9974
6622
2767
7381
5727
9603
4958
3468
9757
4634
7222
1950
7734
4722
4368
8511
6890
3543
3076
1333
6269
5451
2685
7981
7419
7148
5232
8975
6013
7278
3254
3167
9832
8179
3962
4534
7965
8616
8968
8276
4565
7839
7242
6454
7433
7389
7516
9119
3110
2317
5273
2281
8022
5911
7976
4559
8958
7512
6183
3191
5191
9708
4849
5726
9348
4694
9956
8244
9672
8051
6804
7944
4569
8097
6670
7744
6420
6027
7943
5310
1890
9025
9663
6737
2492
4071
7545
2384
3479
9302
3244
8050
1926
2292
7970
5703
6104
6744
4551
4985
6632
7864
1766
8153
4628
9039
2760
3087
9347
7611
1419
7220
9716
1835
6996
3201
8140
9842
8848
8370
5186
2004
3487
6474
7296
9110
2109
2733
6908
5851
9678
2124
4776
3632
1949
6866
6366
2157
6508
3738
9699
4956
7740
4471
6652
8336
3101
8977
4423
8388
4369
3459
5975
9919
8595
7821
8155
7575
6590
6490
2681
2220
5440
6498
8544
8923
6727
8074
9882
2146
1762
9229
5331
7177
1961
8367
2590
8892
7250
9519
6947
6703
8890
2791
2979
6787
5988
7224
8198
8361
2931
5122
5352
8714
2160
6315
8214
1720
6486
1515
8771
4189
4326
8522
2742
8068
6516
3854
8255
2692
5410
7283
3493
6351
7130
8219
6080
6200
6413
3433
6430
6810
4975
9267
1885
1884
6961
9551
5482
7915
5842
4481
4384
8356
4051
3476
8079
6875
9413
7483
4432
5930
3993
6877
4282
1946
2588
2653
7931
8016
7905
1968
5970
6379
3668
6235
9902
7868
2715
5943
9068
2395
4290
3593
9887
3636
5449
8131
4293
7718
4044
8167
9543
6258
4617
5351
7599
7739
3002
7995
5480
9037
4212
7447
7421
6871
9166
4526
8182
8386
3844
8600
4099
8871
7157
9536
9058
6455
8014
9164
7613
5202
7246
2874
9416
8032
3465
1879
6278
7388
5195
8117
6345
7595
3028
7287
3156
7366
4825
8346
9960
4971
7917
6287
7226
3046
1822
8793
6999
6459
8934
2117
4216
8125
8160
1663
4848
8159
5946
6340
4633
5715
3290
1934
3608
8057
9260
6929
7241
6376
7826
1980
9997
6284
7128
1821
6118
9729
3034
2353
8397
9158
3492
6282
2168
5461
3762
8818
8508
7085
9873
4917
4781
9511
5805
6088
7860
2208
6222
9824
6419
7095
4008
5702
2174
6250
6277
8173
3561
4365
7972
6463
9247
6741
7239
2326
7231
2211
5011
3445
8739
6364
1898
6349
7184
3232
3950
4362
6196
4246
4343
7014
8059
2752
9755
4028
7806
7456
7942
9621
7199
25935
7593
3182
4914
6914
8979
6332
7958
6254
9722
7606
9204
7279
5408
3001
8363
6339
8200
7552
6249
1887
2613
9692
2780
1379
4746
4549
6058
6630
1952
1852
6101
8841
1870
8897
7384
3679
9733
9066
3480
6619
5949
2908
2790
7003
9661
4337
6197
3198
5036
1976
7350
3856
8037
2664
5304
3612
3966
4215
6458
8360
1882
6363
9055
1982
6859
8337
7818
7508
7172
4997
4187
6289
7342
2329
8168
7244
9928
7463
3733
4820
6718
4641
2151
9284
8613
9856
6524
8084
4970
8075
9790
3455
3817
7679
8237
6676
5302
9161
5027
3150
2805
3151
3302
8132
4053
9474
9274
8345
4047
3498
3451
7322
4726
4765
8393
9286
7816
3539
4832
7749
8043
8715
2734
8708
6099
3106
7522
2585
6381
4933
4298
2918
6820
7715
9639
4886
9889
6333
8399
4371
7990
7513
3673
9279
8877
3778
6140
4431
9052
8281
6517
3836
9304
3496
5809
2170
2980
6507
6564
4220
4923
2226
1939
3946
4763
2484
1929
6817
8707
7745
7840
6957
7033
3341
9828
7685
9070
9517
8141
6768
9740
3964
3708
6745
2003
5290
4548
1786
8157
6620
9310
5184
6736
3371
2594
3091
8387
9743
3458
8392
3694
7414
8008
6191
2792
2698
2288
6905
6145
6238
8018
7844
2929
6266
3104
4449
8163
2491
4116
8920
3661
1899
2899
2972
1301
3036
4687
4880
6151
4599
3431
9534
3395
7504
4097
3228
2910
3540
3284
6814
4375
6237
9381
9946
7408
2429
7467
2971
4080
9081
4592
6789
4107
3491
6958
6480
4109
5563
2475
5574
7292
9900
9739
5982
4828
6143
1871
5976
7605
6035
3245
8699
8217
4249
3176
8541
2763
4674
2268
3196
6809
4318
6627
8362
9837
4719
1888
6272
3687
3901
4499
3660
2936
6030
7979
8344
4218
6800
1775
8343
9470
6462
2751
3482
1793
2705
7937
2497
3463
6565
2150
4714
1945
6279
3193
1518
1723
8142
6941
8935
4413
7779
4577
3315
9823
5959
2471
3443
6584
7280
4078
2573
6328
8550
6677
6062
8150
9438
5445
8395
7088
4725
1375
8914
9099
8185
5208
8137
7383
4027
1429
4477
9726
5602
1938
3073
9338
8005
9424
2305
8622
3252
7874
9619
2114
7607
8151
4951
7814
7803
4025
1815
2053
6644
8065
9287
6617
6387
2737
7609
5074
1799
2937
4169
9742
8087
7480
7537
8052
4771
7198
4931
9441
1975
3333
2309
1813
2930
3180
6078
3183
9368
7315
9994
7298
6257
2676
7949
9991
6411
4839
4619
6464
6918
9308
5757
2612
9324
6245
4792
4259
6997
4417
8275
9640
6247
4636
4963
2301
3580
3093
6915
3932
7893
6309
6779
7921
9270
8081
5258
6844
7596
6369
9216
2831
4743
9115
7420
6937
4475
5932
7352
3688
4221
2221
4448
3902
8291
1930
2462
7952
4072
4837
5464
7373
6070
6742
5357
2819
4813
4229
7102
6881
4310
2060
3159
5218
9632
3983
6521
2540
7438
3788
6777
9612
4621
4419
9896
7638
3978
2120
5659
3835
8713
2989
8864
3548
2669
6613
7510
6338
9522
2461
4434
2294
4390
7326
8108
4301
3926
2884
7229
3546
2216
1965
4345
3475
6706
2325
3153
3470
2209
2108
8614
2922
6418
4554
8706
9795
8301
6194
7989
2749
4611
4772
9405
3133
2266
5541
6539
3488
7047
5254
3221
8101
2986
2207
2804
9556
4992
3597
8624
4658
3178
8869
4464
9450
7482
9990
2533
3984
2923
5017
5161
6470
6485
2153
3843
1811
4801
9600
9273
6640
6955
7594
7245
2393
6310
8860
8103
4333
7823
6050
7962
6962
5909
4718
9539
3421
9629
7914
4497
7525
3864
9535
2934
3916
1805
9955
4595
6306
9384
7637
2933
7955
6023
6823
7723
3658
4165
5121
4462
4112
5337
9268
9658
8929
5261
5185
6298
3199
7856
4323
3751
7686
7068
4936
9717
9028
6824
6157
6788
5690
6330
7096
6071
3299
8061
1780
3772
7794
4745
5038
4251
3798
8038
5288
3773
6125
7705
4235
7092
8076
2217
6569
6879
6535
5262
8842
8798
9850
8881
5821
8011
4344
9386
6616
1967
2359
4709
3914
6638
4435
5632
9932
9341
7721
2892
8158
5989
2338
3915
1514
4263
8596
9278
7618
3628
4659
3663
8093
3179
2753
6089
8203
8844
8070
2932
9908
9622
4433
7570
2453
6240
9046
9232
9033
9628
6482
2148
3408
3676
2158
4312
7059
7925
3825
2389
6547
4826
8558
6061
6357
2915
9227
7294
9369
3939
7354
6794
9979
3449
6358
6625
7520
3857
4082
2445
5129
1810
7628
9467
9305
6293
4275
5852
5707
8928
4094
7879
7971
8338
1921
7683
6184
9163
3922
6626
5933
4847
2489
2372
2882
8202
3784
5142
9788
3771
7774
5013
7475
9769
6986
2349
7820
6331
4410
7621
9845
8772
9880
5957
5918
3040
6226
5981
6832
4228
4994
4671
4436
4968
2975
7717
3171
3276
6144
9906
9624
4382
7455
6489
5135
6444
9083
3891
8139
6095
4396
4809
9272
7888
8551
3139
6882
8704
2418
6637
4442
5992
7466
5902
4493
6246
2198
6946
2998
3484
2185
3657
4192
6264
8165
6730
9319
2674
3900
5015
2830
8917
7185
9168
3791
4748
4489
1866
8285
6561
3951
4393
2374
3010
1712
9644
3457
7500
6073
3328
7691
3834
8999
4978
7119
6572
9713
7191
3355
5698
6571
7743
6562
3399
3763
4376
8095
9553
3903
7238
3166
3023
3649
3877
5269
2378
9687
8364
4979
5210
3264
7600
3075
7061
3925
7065
2987
4538
8091
7187
4055
2764
4893
3388
2163
3655
6850
6697
6440
7481
6094
1431
9057
6855
6763
2335
2469
4461
4955
2204
6678
3558
6086
8089
9251
6798
1435
4563
7554
6904
6932
6040
7991
6083
2694
5945
9059
4668
6199
2440
4299
4092
1376
4998
2477
8007
4498
7562
7247
7775
2009
3677
3501
6365
4488
9233
3678
3157
6848
1726
6382
4377
5834
5244
3741
3553
9977
9162
6137
9537
3454
5985
6294
1981
6121
7347
5009
6560
6556
7305
4439
4574
3393
2307
1904
1964
3452
1972
5079
6337
4712
4064
1828
6785
2183
1381
4022
3154
9285
7212
4593
7094
3486
1814
2498
3068
8118
2814
7561
2935
3415
3611
4685
9702
4058
9986
9765
4418
6232
9257
5658
3837
9414
6573
7809
3031
9248
2130
5217
4168
4575
4056
4620
2193
7539
4651
8737
4463
3947
3434
4662
2806
7266
5139
3361
3793
1847
8029
7871
4972
6262
4973
5585
5363
6378
3963
4420
6919
6675
3665
7472
6994
7523
7038
5388
4579
6461
7236
1716
1736
3329
7409
7030
4231
1909
7330
4767
9696
6149
3547
7048
5586
3800
3937
8542
4894
3472
4334
7987
3446
6484
6210
7636
7417
9888
1873
7445
3990
3134
1914
6047
2812
3921
3989
9246
8006
6390
4875
7521
4582
3187
6612
6445
7769
6317
4331
4414
6227
7849
5582
4011
2904
2410
2152
3911
7634
1827
3666
2816
3489
9996
5570
5759
7494
4308
7122
7133
6615
9145
3417
6087
7885
6312
4347
4571
5484
6653
8041
6255
8931
4238
8085
3675
3140
8383
9993
5951
6405
6319
4425
3526
7450
3992
6291
8908
3979
6989
2340
3991
6668
7702
7487
3723
8537
4845
2195
6016
6182
7277
4932
7811
1787
7927
3418
4125
5967
5137
7018
2597
8893
5034
8030
9312
2820
2706
7317
4013
8904
2990
3109
6912
3777
7460
9029
6231
8918
2180
4026
2652
2924
4977
4399
3319
6899
3648
6834
9995
6167
4890
5246
1770
9709
5132
6303
7776
6488
6322
5885
7086
7320
3538
9560
9768
6566
7358
9377
3853
9701
5644
4482
4572
3094
3175
2138
2354
4479
6568
3242
2982
9262
9846
2883
7079
9686
8289
4054
7377
6159
4627
3955
6037
4350
8898
4074
2686
2903
6874
8789
3712
2169
4404
5965
9325
3103
2107
6316
9982
7367
6176
5955
4446
3760
7692
1960
6156
4100
4800
3662
7256
2415
4031
9275
4465
4367
2818
9675
4691
9558
7725
7713
6928
5018
6362
3904
9306
8349
3096
7514
3435
3271
4193
2927
8416
9782
2438
9913
6835
7228
3079
4093
7699
9351
7590
9149
8925
7932
7610
3656
9904
5204
3918
6614
3377
4284
3447
9903
3205
6629
3968
1853
2978
6165
2428
3696
3316
8894
9857
2689
8732
6643
7727
7435
4237
6082
8207
6496
9753
5816
2370
9637
7214
3924
4409
9980
3392
3969
3571
7081
7505
5984
7271
2877
6161
7777
8938
3030
9514
3544
3852
5942
2373
7551
7374
4644
3750
1897
6228
7643
1867
4389
2485
7822
5922
7082
4346
7898
1430
7110
5237
6393
4113
4588
3464
9799
5941
5255
7386
7908
8945
9252
3686
5819
5194
9651
7359
7115
4524
8365
9206
5476
6853
4248
3246
3294
3943
9307
9890
9731
7999
3396
4667
9428
5280
5078
5921
2224
6769
4015
3160
4245
6533
6203
6505
3420
9078
9950
4392
7196
9852
9818
8104
1776
7291
7795
2344
8747
3423
9636
6863
2993
6392
4441
9160
5940
8046
4490
7161
6096
8705
9171
5282
9763
3681
6540
4379
3320
8563
9966
5284
6493
4925
4888
5915
1450
7078
1850
6870
6927
2700
3082
4374
1717
7792
9221
6428
7254
3640
6091
7829
5127
9797
3692
2708
1420
7578
5268
4934
9049
4761
9074
4356
5136
7299
4258
9723
7678
5575
5391
9872
7444
6384
5820
6054
9633
9322
7264
8944
3277
4987
7614
9408
9791
1491
1905
3321
3641
3467
2162
2112
3683
3353
8889
1384
6224
4286
7604
1948
5187
3121
1433
9211
1757
7235
1848
8023
3021
4304
2769
4783
7416
7559
7760
7726
3804
3168
4320
3776
2798
4762
8887
3512
6513
7486
9034
3850
2813
8144
4777
4586
3069
3758
7461
2981
4040
7963
4891
6658
7707
9219
7050
9218
4406
1807
7670
7427
9691
3954
7192
2735
1783
6281
4623
2186
6373
9380
6069
7379
2391
9827
3041
7674
6704
6648
6164
6819
5533
9698
7351
6864
2487
7624
8769
5935
7370
4539
4270
5285
7213
3560
6208
1826
3840
9346
7218
3374
6059
7859
2668
9017
3556
9067
1447
2916
6292
6554
4176
4512
9212
4635
4594
8077
9959
5368
3529
6743
7114
3224
6699
5367
7506
5071
9930
5958
4268
5704
6391
5577
4929
7722
7434
3513
1768
3652
5578
7711
6654
9282
5883
2375
6033
6497
9927
7940
4597
5923
5903
9326
7565
9656
9344
3347
1966
4264
3934
4583
6158
6618
6230
7872
9704
4429
5243
2970
3633
6236
6973
7318
5527
3113
6597
5381
4769
3123
9259
3541
5250
7442
7060
4395
6551
6930
3004
9337
8562
2454
4495
5695
3562
4224
8039
4642
3422
3912
3275
2311
7368
6776
6926
3848
7781
7841
8927
6049
4060
7297
3878
2122
9976
3551
6325
7371
5986
3323
3080
7135
5240
7490
5729
3566
6778
9446
9367
4398
9159
8208
2788
6044
4295
2907
4784
7819
3565
3981
4397
7353
4366
6327
4260
3063
2332
4564
4380
9479
2315
6189
6093
3936
7089
7812
5446
6239
7883
7066
1798
1446
6748
8147
1840
6402
2984
7682
5572
4926
6998
4069
7039
6031
6229
7938
2714
3623
9311
2667
9130
7069
8230
3799
2293
5971
2437
4531
6034
9063
7063
4892
9193
3020
4019
6336
4937
7646
2303
5724
7378
7673
4173
6495
7527
7619
4889
3770
4754
2796
8617
5660
7833
2483
3293
8835
4364
3440
9445
6837
6538
7325
5587
4957
9885
7875
8462
3065
2991
8127
3135
7343
4428
6546
9564
5491
7694
4752
7857
6993
5983
4234
7677
6403
8119
7136
7040
5994
6715
9478
8045
3996
4624
7126
3172
3173
5248
3386
7509
6522
7502
5256
3359
5906
6542
6938
7603
4598
7887
3653
7695
6185
7087
2750
6155
7134
4012
6552
8135
7608
9245
8891
3851
3053
2055
5939
9760
6188
2962
4076
3184
7091
2385
3698
7647
7980
7635
7175
9475
4274
6897
3300
8700
7531
4728
6018
4177
2599
2464
6771
4052
7808
5033
4317
4990
4629
3058
2654
5070
6346
4576
7847
1438
3967
7049
7217
3604
6858
4584
9173
5532
2488
4496
6862
3933
2894
5956
7215
6356
9036
5966
2656
4415
1739
3940
6901
9360
9853
4360
3680
7176
6042
4430
2876
3236
7361
3948
6131
9720
4882
7034
4175
3627
5133
9780
4570
1718
3674
4645
7425
2995
7183
6166
6518
5283
8025
4838
4262
3719
5603
7983
7953
9625
9265
9146
6092
2404
6656
3542
3059
6577
1758
3892
4476
2173
3896
9313
4242
1383
9343
6039
7681
2917
4625
4170
2388
6570
4171
6343
3965
3607
2291
5026
2436
6580
4372
6694
4829
5609
6180
5138
6267
6218
3067
7625
7080
6772
9225
3131
9249
5884
6408
3907
4920
5571
2480
3839
7602
2411
7127
6838
3238
9835
7338
3807
9561
4267
3439
6964
7150
1994
9060
4591
5900
2449
6171
2286
7807
6424
3426
7865
3695
5576
3441
3944
8138
4200
9876
2342
6596
4556
4596
6081
8940
8107
9385
3372
6666
3241
9051
4388
9969
2397
3847
6757
7046
7022
9679
5753
3826
9563
5990
7992
8152
4440
9867
4883
3444
3810
5742
4014
3190
2136
2334
6026
9761
8518
4750
5998
4960
3917
5031
7687
6907
3995
4412
6492
2196
2304
4256
1992
6721
7064
9165
4174
3727
3671
3905
9355
9565
6286
3322
9417
6840
7555
9366
4447
6466
6195
3557
4075
1380
6494
4736
7058
4381
1789
2983
2341
3988
6634
9929
3622
2795
9444
7375
6297
6563
2376
6888
9082
7538
3858
4098
9264
7918
8260
1434
4198
3280
5542
2345
7399
4351
7902
9776
6090
4492
3726
6943
3768
7464
7916
3497
6698
2179
2687
3143
9342
2424
2911
7112
9778
8903
9263
7208
1401
3521
3536
4172
4615
3625
7116
2872
4484
6360
9554
3161
3169
6469
3181
7805
3495
5699
5247
3204
4705
5936
7477
3987
7120
4438
3841
6567
4287
9972
3672
3998
7671
6060
2985
4884
9361
7810
4486
7072
3524
3577
3267
5131
6633
9973
9266
1418
6334
2351
5355
5612
7111
3045
7369
7035
5189
4881
9854
7901
9127
6038
3945
3645
2747
5997
3816
7863
7113
6342
7372
2493
1841
7265
5534
6045
2481
7782
5525
3667
8783
7446
7676
5216
4427
7975
4487
3796
4319
6599
4119
6662
3710
6635
6549
7709
7831
7284
2961
3690
7897
5697
4437
2762
5856
7688
5103
3753
7804
7021
5035
4690
2693
7097
1443
8226
5928
1436
6046
4735
5973
4720
3054
7922
3537
3682
9849
7219
6335
3664
3970
6307
7698
8996
3437
6558
6467
9250
3927
7919
9214
8040
4257
9557
3744
9466
4494
5781
3985
5259
9256
1764
5126
7443
7314
7746
4120
6022
4167
6775
3895
9767
3920
9353
4885
4450
4102
9012
6803
6396
1724
4840
9339
7791
1844
6198
7923
7836
4247
1795
5721
7098
7084
7515
6400
7036
7793
9340
3071
4424
4068
3352
3035
5257
6186
2722
6192
7827
2215
3266
4421
7041
5341
5125
3024
4976
3909
2139
4391
4241
3297
6555
3317
4387
3928
4445
7544
7057
5028
4386
5386
4199
4370
7031
4833
6265
2408
3306
7957
4196
2499
3550
4824
4341
6734
1997
3997
2425
8105
4178
6193
1451
8742
4491
3237
2134
8115
2321
3815
6217
6233
4422
2435
9345
9220
9087
1743
3286
5817
9421
2743
3358
5010
6822
5134
9425
7162
2330
7356
3070
4394
6072
3747
6138
6181
3583
7044
8247
2683
5212
6867
3202
9335
2789
3823
9685
4261
8854
3089
3647
5242
2300
7037
3974
3375
4657
5029
4057
5858
4678
5987
3011
7129
3177
3474
3766
7360
3248
7601
2977
6150
3077
4558
1444
3490
5271
3624
9271
7850
8746
9169
4918
7131
2666
7140
9812
9820
7043
5580
6557
9167
4673
9258
9362
6579
7501
6578
8886
6548
3961
6380
4222
4378
4650
5162
5974
7813
2586
8912
6664
9363
5277
2992
2468
4444
6048
3138
4166
3111
4335
3935
5458
3042
5199
3598
3930
3634
4679
5969
7090
3477
3779
9330
3185
3814
7878
7640
4814
7077
3842
7524
7571
5279
2778
3646
6347
7896
6543
6647
4935
4664
7986
9895
5905
9423
7899
4416
3409
7815
3600
7928
3174
9439
7877
7137
6248
3350
6074
3691
3195
9647
8013
6894
3559
7837
9419
7615
5950
6969
2999
7376
8921
5395
8166
6663
3986
2479
4017
7800
9635
1711
3192
7946
8181
7357
5287
7062
4240
7567
6550
3802
1788
8946
9240
3461
5252
6545
2901
3931
6029
7273
7093
4243
9254
4355
6063
7139
7255
3137
4930
8123
6190
9222
7939
4707
3845
3083
9073
3953
2323
9941
9242
9476
2776
4265
9816
4288
2754
7073
6942
2156
6276
6537
7132
9365
7268
8254
3910
9914
8836
4020
7585
3976
3416
8215
7363
3670
3787
1439
7362
3494
4124
3639
9253
4766
7623
7771
4770
7689
3326
5025
2736
5952
3929
7067
1382
4361
6147
6982
3908
4616
7997
9978
6696
9376
3223
8995
9215
8072
7345
1400
5610
2402
7125
6433
7074
9327
6173
6898
7462
9244
4016
5962
9213
5528
7138
7117
4059
6574
1730
7422
9562
7985
8225
4316
7413
8256
7886
6786
3189
3469
5249
7851
8209
3913
4179
5380
9465
1971
2926
6977
4073
2721
6731
6659
6174
3261
6177
7083
9226
9878
4255
7690
7042
6836
5584
7426
6085
2673
2459
7719
9559
9241
6416
7364
4197
4760
3448
5886
2997
3803
7790
7056
9610
3370
5581
5573
1452
7170
5072
1445
5037
5077
8143
2164
1440
9224
5529
2994
7118
3483
7355
5840
6527
6168
9399
9156
5881
5887
7693
4250
6576
3450
4426
9243
2336
6628
1432
3039
9388
5241
6695
5531
3456
5251
2452
7680
5130
5588
3958
